lastAccountName: Naettchen2810
timestamps:
  login: 1618848699286
  logout: 1618859791983
ipAddress: 88.117.132.69
lastlocation:
  world: world
  x: -1030.4431885096155
  y: 79.31406365227346
  z: 93.45151618566003
  yaw: -131.83862
  pitch: 16.949951
godmode: false
logoutlocation:
  world: world
  x: -1005.0134127063018
  y: 73.0
  z: 106.36415154636825
  yaw: -81.39392
  pitch: 1.5000023
