lastAccountName: doofesSarah
timestamps:
  login: 1618848686693
  logout: 1618852511834
ipAddress: 88.117.2.187
lastlocation:
  world: world_nether
  x: -145.83755193843373
  y: 55.0
  z: -3.395112470202154
  yaw: -206.21608
  pitch: 10.049665
godmode: false
logoutlocation:
  world: world
  x: -1006.0500000119209
  y: 72.0
  z: 101.69775771784721
  yaw: -250.03394
  pitch: 40.949265
