lastAccountName: FranzPeterLustig
timestamps:
  login: 1618774666011
  logout: 1618774785290
ipAddress: 178.165.129.143
logoutlocation:
  world: Winter
  x: -630.4243798535582
  y: 76.0
  z: -119.2459627187275
  yaw: 110.55475
  pitch: 80.69984
