lastAccountName: SryForBeingGray
timestamps:
  login: 1620323041415
  lastteleport: 1618852450286
  logout: 1620323067676
ipAddress: 178.115.130.189
lastlocation:
  world: world
  x: -1034.8126786513974
  y: 102.0
  z: 84.28984857541636
  yaw: -42.68936
  pitch: 42.615498
logoutlocation:
  world: world
  x: -1004.6590522498517
  y: 82.5
  z: 122.01468284720721
  yaw: -5.26216
  pitch: 31.2642
