lastAccountName: Pashugamez12
timestamps:
  login: 1618930809882
  logout: 1618931211581
ipAddress: 80.121.113.55
logoutlocation:
  world: world
  x: -548.0236444555159
  y: 63.0
  z: -345.89359997055226
  yaw: -350.34155
  pitch: 90.0
