spawns: 
  default: 
    world: world
    x: -1013.4728138454828
    y: 65.5
    z: 26.586747101854282
    yaw: 1.2640686
    pitch: 0.4499634
